πμ ΒΕ NVMERIS PRIMIS

 

 

 

 

 

 

 

 

 

 

 

 

 

 

 

 

 

 

 

'Diuisores ipfius acm-1 1 ὓίιιίίὸῑεε, ipfius act-³51
232152 261 2
233 2.5.61.89 262 5
234 17 ’ 263 2.5
235 2·53 264
236 Ι 265 2 13.37.73
237 2.5.4ι.137 260 173
238 ς ’ 267 2 5
239 2.13⁴ 268 5² 13& 17
240 269 2.97
241 2.113 27J'‘
242 5.ι3.17.53 271 2
243 2.52 272 5
244 29 27312.5.29.257
245 2 274¹193
246 73 275 2
247 2.5 276 17
248 5 277 2·5
249 2.29 278 5.13.29.41
250' . 279 ζ
251 2.17ἱ109 280
252 5.13 281 2·¹3
253 2·5·37·Ῑ73 282 5²
254 149 283 2. 5
25512.13.41.61 284}
256 285 2.17
257 2.3² 286 157
258 5 287 2.5
259 2.17 288 5,53
260 2

 

 

290

