VALDE MAGNIS. 1:³2

{Diuisores ipsius aa÷ 1 Diuisores ipfius cta-1· 1

 

 

 

 

 

 

 

 

 

 

 

 

 

 

 

 

 

 

 

 

29οῘ37 , 319 2 Ι7·4-Ῑ·73
291 2.ι3 320 13

292 5 321 2
293‘2.5R17 101 322 5.89.233
294 13 61 109 323 2·5

295 2 53 324 113

296 41 325 2

297 2.5 326

298 ς 327 2. 5. 17². 37
299 2 328 5

300 3ῐ9 2

301 2.89 330 13

302 5 17 37.29 331 2 29

303 2 5 332 5²

304 13 353 2.5.13

305 2.193.241 334 281

306 335 2

307 2.5R13.29 336 ³7 229·29
308 5 337 2-5 41 277
309 2 338 5 73-313
310 17 339 2ο37

311 2.137 340¹

312 5 341 2·53

313 2.5.97·101 342 5.149 157
314 343 2.5².13.181
315 2 344 ¹7

316 61 345 2

317 2.ς.13 34⁶ 13

318 5³ 1347 2·5

 

 

R a 34⁸

